160,161,162,163,0,0,0,0,0,0,0,0,0,0,0,0,0,0,0,0,0,0,0,0,0,0,0,0,0,0,
220,221,222,223,0,0,0,0,0,0,0,0,0,0,129,130,131,132,0,0,0,0,0,0,0,0,0,0,0,0,
0,0,0,0,0,0,0,0,0,0,0,0,0,188,189,190,191,192,193,0,0,0,0,0,0,0,0,0,0,
0,0,0,0,0,0,0,0,0,0,0,0,0,248,249,250,251,252,253,0,0,0,0,0,0,0,0,0,0,0,
0,0,0,129,130,131,132,0,0,0,0,0,0,308,309,310,311,312,313,0,0,0,0,0,0,0,0,0,0,0,
0,0,188,189,190,191,192,193,0,0,0,0,0,0,369,370,371,372,373,374,0,0,0,0,0,0,0,0,0,
0,0,248,249,250,251,252,253,0,0,0,0,0,0,0,0,0,0,0,0,0,0,0,0,0,0,0,0,0,0,
0,0,308,309,310,311,312,313,0,0,0,0,0,0,0,0,0,0,0,0,0,0,0,0,0,0,0,0,0,0,
0,0,0,369,370,371,372,373,374,0,0,0,0,0,0,0,0,0,0,0,0,0,0,0,0,0,0,0,0,0,
0,0,0,0,0,0,0,0,0,0,0,0,0,0,0,0,0,0,0,0,0,0,0,0,0,0,0,0,0,0,
0,0,0,0,0,0,0,0,0,0,0,0,0,0,0,0,0,0,0,0,0,0,0,0,0,0,0,0,0,0,
0,0,0,0,0,0,0,0,0,0,0,0,0,0,0,0,0,0,0,0,0,137,138,139,140,0,0,0,0,0,
0,0,0,0,0,0,0,0,0,0,0,0,0,0,0,0,0,0,0,0,0,197,198,199,200,201,0,0,0,0,
0,137,138,139,140,0,0,0,0,0,0,0,0,0,0,0,0,0,0,0,256,257,258,259,260,261,0,0,0,0,
0,197,198,199,200,201,0,0,0,0,0,0,0,0,0,0,0,0,0,0,316,317,318,319,320,321,0,0,0,0,
256,257,258,259,260,261,0,0,0,0,0,0,0,0,0,0,0,0,0,0,0,377,378,379,380,381,0,0,0,0,
316,317,318,319,320,321,0,0,0,0,0,0,0,0,0,0,0,0,0,0,0,0,0,0,0,0,0,0,0,0,
0,377,378,379,380,381,0,0,0,0,0,0,0,0,0,0,0,0,0,0,0,0,0,0,0,0,0,0,0,0,
0,0,0,0,0,0,0,0,0,0,0,129,130,131,132,0,0,0,0,0,0,0,0,0,0,0,0,0,0,0,
0,0,0,0,0,0,0,0,0,0,188,189,190,191,192,193,0,0,0,0,0,0,0,0,0,0,0,0,0,0,
0,0,0,0,0,0,0,0,0,0,248,249,250,251,252,253,0,0,0,0,0,0,0,0,160,161,162,163,0,0,
0,0,0,0,0,0,0,0,0,0,308,309,310,311,312,313,0,0,0,0,0,0,0,0,220,221,222,223,0,0,
0,0,0,0,0,0,0,0,0,0,0,369,370,371,372,373,374,0,0,0,0,0,0,0,0,0,0,0,0,0,
0,0,0,0,0,0,0,0,0,0,0,0,0,0,0,0,0,0,0,0,0,0,0,0,0,0,0,0,0,0,
0,0,0,0,0,0,0,0,0,0,0,0,0,0,0,0,0,0,0,0,0,0,0,0,0,0,0,0,0,0